52937.514337 1.21696404033169 0.427915462900076 -35.72507 6.815988367 0.169480060242816
52937.535886 0.0508778636701564 0.431166092320392 -34.40708 6.814208431 0.168309669625029
52939.505441 -0.981976562922682 0.413090928754271 -37.09097 6.81496807 0.169659235455786
52947.500733 0.096203560470133 0.396579207648667 -37.98717 6.817303304 0.171473465680175
53146.70943 1.67668198086299 0.499751892780992 -39.27938 6.821536611 0.170540867361936
53146.869475 0.859513988233006 0.415753562103852 -38.31042 6.817523068 0.168960130159161
53149.911359 4.06816206347408 0.50149980201408 -34.40382 6.812049864 0.168520463681038
53150.801286 3.3351935856326 0.496680690159802 -35.29912 6.818363283 0.176113469552605
53154.805928 -2.91180075252974 0.456448359956129 -36.76669 6.813093779 0.173504314361529
53201.70094 -3.39602675459962 1.640319082352 -34.99656 6.807140431 0.15387754003929
53201.705465 -0.893849049113089 2.05772891968372 -29.76565 6.811491711 0.152634317242183
53201.709528 -2.62254737972583 2.32386488544383 -31.82738 6.801814581 0.153392814999236
53202.682035 0.93287632946586 0.361454190035475 -36.53092 6.812792919 0.170859785972306
53202.687764 1.21391926896538 0.366654497960801 -37.39223 6.815207897 0.171083056695762
53203.699482 -0.298134279976863 0.271425380831099 -36.2754 6.821270534 0.170574869973572
53203.704378 1.8527088254543 0.277648442160538 -36.58103 6.819155337 0.17104228392777
53204.65966 -4.61353647969071 0.354631107449455 -36.34941 6.814761236 0.170615610619525
53204.663317 -5.72031453420203 0.343777990518697 -36.74976 6.814572415 0.169456185840777
53204.667252 -5.12552404680991 0.355639802354984 -34.59821 6.813406211 0.17053456170212
53205.57706 0.00466291683439723 0.496934651885034 -37.32027 6.81594218 0.169121529920795
53205.578715 1.73265657476482 0.540569223363944 -34.97311 6.814022956 0.169197262240846
53205.580509 0.186919059259711 0.498501644619885 -34.95655 6.818399816 0.170006035917554
53205.582268 -0.237379840732015 0.557043843489874 -35.76009 6.813974564 0.166763828355767
53205.584004 0.502397847657112 0.548047837364583 -37.7818 6.814524608 0.167386568582075
53206.681792 -1.79702370644446 0.318879301656763 -36.29159 6.810477121 0.169808456985019
53206.685599 -0.693976697401902 0.316168883880631 -35.49985 6.811353689 0.169880789617136
53206.689465 -1.24328701989967 0.319744234342031 -36.17112 6.813518509 0.170480847754085
53217.651396 -7.58951811591044 0.42292395226582 -37.6547 6.808993925 0.168435380721749
53217.655192 -7.39818222047992 0.417371126026729 -36.01401 6.807823512 0.167928296117608
53217.659012 -7.11007705723806 0.442358104009805 -35.99145 6.809630531 0.168549981628099
53218.686308 -0.244150109602583 0.403866765953721 -36.35521 6.813990577 0.169186904710767
53218.690208 0.712397071572403 0.394509230964103 -35.93783 6.815718208 0.167814306405452
53218.694074 0.114736936577738 0.4078054956673 -37.53751 6.814347904 0.167909302831198
53230.669449 2.7486627512803 0.379055884443562 -36.15204 6.819341544 0.170268536758505
53230.673211 2.08334452019829 0.362070484291931 -36.02366 6.818772967 0.169387238659319
53230.677134 0.705705834820454 0.375813505724643 -35.95993 6.819018011 0.171149063547127
53232.626209 1.40342856749303 0.621204472717122 -36.33841 6.817305874 0.168916663023174
53232.630479 3.14379537483649 0.668365945146307 -34.29423 6.81493427 0.165095251038142
53232.634137 2.20876449871192 0.615331629733009 -37.19924 6.820164106 0.168460251843277
53263.577794 -3.22833453364582 0.282097666062728 -37.46915 6.820934226 0.168091355832816
53263.583361 -1.13720091840831 0.288330150556022 -37.65013 6.822575175 0.168231975547822
53264.553251 -4.67164972076249 0.28535982617497 -36.51023 6.819087778 0.168119142137431
53264.558829 -5.37072174452068 0.293697552639432 -37.03317 6.817546863 0.168415729109159
53269.564691 -0.479345288375198 0.533684034647549 -38.85425 6.816898727 0.167588187507713
53269.570466 1.01179045172003 0.676860124892953 -35.30451 6.817889839 0.165312232880309
53551.70958 2.17829008656524 0.298775764211187 -33.61242 6.815890733 0.180818554498617
53817.909177 4.70704031329916 0.328531882051651 -30.88065 6.823267416 0.185899636610379
53817.914479 4.57933307837852 0.313169790919339 -30.20361 6.822239399 0.185580823325276
54257.770514 2.86385253248176 0.728501469544718 -29.53723 6.83938431 0.197566024023086
54257.772296 4.71641468952425 0.689539823262058 -29.04175 6.83995227 0.192978980829111
54257.773998 4.27772171828322 0.680695972463768 -29.42739 6.840914468 0.195276729225333
54257.775769 4.22410054299361 0.646205154274244 -30.73239 6.841151889 0.192453026008934
54257.777459 3.83978493514534 0.64387222386844 -28.72996 6.840500714 0.194286969212085
54258.854139 4.12913105054336 0.683378537132572 -28.23544 6.844367318 0.192171000898833
54258.856257 3.21749144195368 0.752637015257688 -28.70489 6.847500682 0.19319333646569
54258.858352 3.77461373970736 0.72646630107538 -30.18017 6.843461481 0.194456905872347
54258.860459 4.90020881877776 0.717932812491274 -31.24589 6.844840064 0.193175936068562
54258.862577 3.0034845768489 0.677778925709068 -30.68458 6.841990573 0.192944639787663
54259.913248 4.36809627247686 1.30858614343313 -31.2324 6.849752819 0.18668958849735
54259.915748 6.42841546126197 1.67618900008394 -24.13113 6.841716008 0.183858190647709
54259.918364 4.30400888655122 2.1742964794968 -28.72388 6.842595193 0.18531778917608
54259.920991 -2.56978845646581 2.73216296037772 -34.70642 6.859016359 0.1636518984317
54259.923896 2.63457944110063 1.85691331192382 -28.03876 6.848349057 0.176055719872761
54292.689212 0.431764103573053 0.327430116135767 -28.56622 6.832488584 0.193256309420434
54292.694524 2.54518392185917 0.334250410560498 -28.36163 6.832919353 0.192693232047197
54617.853194 5.45517164775962 0.719874394265764 -35.70793 6.836862605 0.184281985530447
54617.85794 5.15070759150576 0.817611545788334 -30.04649 6.838230173 0.183910149240376
54621.898605 2.26576613673213 0.301137222843594 -33.66146 6.829377058 0.181988456970098
